40 1
0 
0.174444 
0.348889 
0.523333 
0.697778 
0.872222 
1.04667 
1.22111 
1.39556 
1.57 
1.74444 
1.91889 
2.09333 
2.26778 
2.44222 
2.61667 
2.79111 
2.96556 
3.14 
3.31444 
3.48889 
3.66333 
3.83778 
4.01222 
4.18667 
4.36111 
4.53556 
4.71 
4.88444 
5.05889 
5.23333 
5.40778 
5.58222 
5.75667 
5.93111 
6.10556 
6.28 
6.45444 
6.62889 
6.80333 
40 1
0 
0.0724905 
0.201922 
0.361543 
0.536714 
0.715165 
0.885731 
1.03816 
1.16324 
1.253 
1.30091 
1.30216 
1.25376 
1.15471 
1.00601 
0.810664 
0.573622 
0.301586 
0.00282219 
-0.313123 
-0.635738 
-0.95391 
-1.25631 
-1.5318 
-1.76983 
-1.9608 
-2.09647 
-2.17025 
-2.17745 
-2.11552 
-1.98419 
-1.7855 
-1.52382 
-1.20571 
-0.839832 
-0.436608 
-0.00798234 
0.43297 
0.872447 
1.29636 
