107 1
-9.42 
-9.24556 
-9.07111 
-8.89667 
-8.72222 
-8.54778 
-8.37333 
-8.19889 
-8.02444 
-7.85 
-7.67556 
-7.50111 
-7.32667 
-7.15222 
-6.97778 
-6.80333 
-6.62889 
-6.45444 
-6.28 
-6.10556 
-5.93111 
-5.75667 
-5.58222 
-5.40778 
-5.23333 
-5.05889 
-4.88444 
-4.71 
-4.53556 
-4.36111 
-4.18667 
-4.01222 
-3.83778 
-3.66333 
-3.48889 
-3.31444 
-3.14 
-2.96556 
-2.79111 
-2.61667 
-2.44222 
-2.26778 
-2.09333 
-1.91889 
-1.74444 
-1.57 
-1.39556 
-1.22111 
-1.04667 
-0.872222 
-0.697778 
-0.523333 
-0.348889 
-0.174444 
0 
0.174444 
0.348889 
0.523333 
0.697778 
0.872222 
1.04667 
1.22111 
1.39556 
1.57 
1.74444 
1.91889 
2.09333 
2.26778 
2.44222 
2.61667 
2.79111 
2.96556 
3.14 
3.31444 
3.48889 
3.66333 
3.83778 
4.01222 
4.18667 
4.36111 
4.53556 
4.71 
4.88444 
5.05889 
5.23333 
5.40778 
5.58222 
5.75667 
5.93111 
6.10556 
6.28 
6.45444 
6.62889 
6.80333 
6.97778 
7.15222 
7.32667 
7.50111 
7.67556 
7.85 
8.02444 
8.19889 
8.37333 
8.54778 
8.72222 
8.89667 
9.07111 
107 1
0.000507213 
0.0192811 
0.0381806 
0.0566395 
0.0740832 
0.0899443 
0.103679 
0.114785 
0.122813 
0.127388 
0.128215 
0.125099 
0.117947 
0.106779 
0.0917301 
0.0730537 
0.0511185 
0.026404 
-0.000507214 
-0.0289404 
-0.0581418 
-0.0872947 
-0.115537 
-0.141982 
-0.165736 
-0.185924 
-0.201709 
-0.212314 
-0.217042 
-0.215297 
-0.206599 
-0.190601 
-0.167101 
-0.136048 
-0.0975545 
-0.0518918 
0.000507214 
0.0590545 
0.123016 
0.191522 
0.263586 
0.338121 
0.41396 
0.48988 
0.564627 
0.636942 
0.705586 
0.769365 
0.827159 
0.877941 
0.920804 
0.954975 
0.979836 
0.994936 
0.994936
0.994936 
0.979836 
0.954975 
0.920804 
0.877941 
0.827159 
0.769365 
0.705586 
0.636942 
0.564627 
0.48988 
0.41396 
0.338121 
0.263586 
0.191522 
0.123016 
0.0590545 
0.000507214 
-0.0518918 
-0.0975545 
-0.136048 
-0.167101 
-0.190601 
-0.206599 
-0.215297 
-0.217042 
-0.212314 
-0.201709 
-0.185924 
-0.165736 
-0.141982 
-0.115537 
-0.0872947 
-0.0581418 
-0.0289404 
-0.000507214 
0.026404 
0.0511185 
0.0730537 
0.0917301 
0.106779 
0.117947 
0.125099 
0.128215 
0.127388 
0.122813 
0.114785 
0.103679 
0.0899443 
0.0740832 
0.0566395 
0.0381806 

