40 1
-5 
-4.75 
-4.5 
-4.25 
-4 
-3.75 
-3.5 
-3.25 
-3 
-2.75 
-2.5 
-2.25 
-2 
-1.75 
-1.5 
-1.25 
-1 
-0.75 
-0.5 
-0.25 
0 
0.25 
0.5 
0.75 
1 
1.25 
1.5 
1.75 
2 
2.25 
2.5 
2.75 
3 
3.25 
3.5 
3.75 
4 
4.25 
4.5 
4.75 
40 1
-125 
-107.172 
-91.125 
-76.7656 
-64 
-52.7344 
-42.875 
-34.3281 
-27 
-20.7969 
-15.625 
-11.3906 
-8 
-5.35938 
-3.375 
-1.95313 
-1 
-0.421875 
-0.125 
-0.015625 
0 
0.015625 
0.125 
0.421875 
1 
1.95313 
3.375 
5.35938 
8 
11.3906 
15.625 
20.7969 
27 
34.3281 
42.875 
52.7344 
64 
76.7656 
91.125 
107.172 
